1074007
1630398
1301809
1647641
1025781
2117397
1033324
1428524
2191668
2043285
1376773
1730318
1284268
2156400
2081715
1150945
2242238
1594266
1838212
1625545
1080781
1029255
1040283
2167068
2213518
2281342
1285181
2297886
1345226
1638194
1476998
1866593
1641563
1557477
1611692
1757997
1329822
2131464
1078768
1202314
1785408
1205068
2145664
2169844
1377342
2230550
1693520
2013885
1705656
2167335
1086228
2210408
1814502
1363957
1871909
1949549
2076082
2289666
1305920
1710343
1014711
1449369
1490582
1842035
1863129
1992724
2298996
1379636
2126750
1800014
1543287
1843070
1284802
1100130
1965385
1870334
2104835
2115168
1547669
1160853
1288170
1951438
2207437
1923556
1193860
1383317
1276545
1195654
1481052
1640025
1866120
2104010
1119416
1143793
1789493
1247703
1494323
1753099
1826498
2115057
1325059
2217773
1914763
1918478
2100406
1420608
1600972
1134699
1843612
1537500
2241137
2254148
1385165
1958602
1869085
1038836
1711739
1762900
2268129
1472738
1906843
2242881
1903699
2220442
1370514
2224392
1316576
1459105
1624259
1816500
1730587
1356237
1374821
2136202
2093506
2107658
2221794
1350830
1787553
2245838
1135696
2222485
1395893
1718323
1716058
2280791
1054074
1082757
1323416
1128122
1729971
1396204
1012906
1367935
2003020
1355113
1453629
1617429
1245723
1359232
2218997
1664883
2292355
1824568
1193499
1607813
1847855
2266670
1902731
2067725
2066730
1948570
1640712
1225371
1137262
1255678
1576909
2008042
2128070
1011420
1307313
1615219
1905256
2255526
1037979
1544378
1763078
1318281
1415460
1584436
1687625
2185022
1305598
1666346
1752426
1438437
2210732
2287674
1886976
2021937
1760955
2221303
1980117
1420130
2111877
1232354
1446232
1429488
1116273
1431930
1015070
2156824
1709853
1247648
2298063
1644425
1959558
1728680
2084204
1640340
1098641
1230452
1507816
1636990
1004679
1313524
2242521
1699107
1833062
2111249
1349240
1223912
2244328
1062976
1092018
1305594
1565175
1062814
1448163
2182314
1875282
1370738
1420555
1975741
2073448
1232683
1662237
2236177
1931887
2004349
1265233
1456921
1404982
1738064
1946031
1986216
1845311
1695267
1343601
1709154
2162198
1342382
1526515
1863027
1990406
1273251
1482968
1693525
1852923
1951997
1979439
1089670
1401164
1509324
1834494
1947074
2109751
1615779
1550629
2096482
1591195
1072628
1123746
1871710
1697295
2012198
1364510
1492541
1073855
2143153
1160397
2003212
1768133
1860701
1199801
1784122
1924817
1346230
1896265
1026466
1855087
2042494
1837223
2159531
1427925
1406070
1999211
1047903
1251969
1107987
1260547
1532596
1401918
1008114
2187210
1836357
1618201
1759261
1294765
2270379
1255136
1882849
1610642
1764088
1013655
1699430
2009472
1751662
2246848
1466796
1576592
1956381
1391964
1990088
1828546
1469081
1815976
1500431
1632172
2283239
2243568
1281646
1743507
1674240
1042012
1826099
2008047
1080966
1849808
1182597
1639772
1635476
1729059
2052660
1499207
1513968
1634146
1417252
1106537
2226500
1807698
2192899
2289553
2048071
1725788
1900493
2079595
2273313
1192739
2081310
1738170
1983053
1997245
1211761
2268238
1983774
1311903
1246100
1692109
1193988
1482668
1128745
2124523
1917465
1252664
1261533
1689456
1246470
1517388
2091865
1023244
1146139
1640176
2299918
1230788
1177330
1107738
1773862
1149723
1738981
1974336
1954861
1267743
1137486
1893268
1853901
1914636
1124841
1411033
2058165
2101941
2223257
1549628
1726966
1804839
1893559
1948041
1155864
2185708
1153262
1994116
1136640
1786969
1035521
1327090
1071865
2288010
2010238
1755630
1119530
1431263
1967307
1443486
1404380
1806457
1814042
1642010
1946259
1597200
1649082
1201818
1922419
1216421
1187789
1428645
2019636
1090636
1491853
1856400
1499476
1343160
1484189
1450709
1472129
1074739
1280395
1393515
1306071
1635873
1666049
1144082
1802579
2003755
1735869
2106454
1962201
2116414
1627372
1742842
2211814
2262822
1166247
1741707
1491638
2093234
1334009
1562681
1691504
1152142
1941659
1505643
1481419
1321397
1867790
2116195
2212245
2266808
1204384
1970991
1566299
1739561
1029141
1785280
1763271
1273957
1054991
2229972
1545135
1640837
1154264
1507387
1802085
2243425
2260665
1257515
2092295
1976753
1321566
1337112
2017370
1006287
2134302
1353534
2189079
2115873
1361312
1533256
1008937
1517250
1892608
1441470
1587832
1450132
2241485
2122698
1648265
1032143
1282984
2220280
1461830
1529949
2041026
1984232
2048264
1008555
2217690
1368736
1540317
1923750
1199336
1224596
1316916
2016769
1041891
2160619
1973213
2175685
1884012
1033029
1490824
1937272
1566523
1761692
1198019
1870651
1207378
1847872
2109293
1679672
1236298
1685739
1973236
1785797
1731288
1493941
1006604
1169181
1175087
1482034
1784016
1161269
1228581
1188779
1922683
1245294
1646161
2209471
1874810
1845639
2128661
1948616
1822038
1471564
1791695
1538763
1965397
1479084
1533519
1711863
1883576
1169507
2157483
1485949
1639482
1347513
1376690
1498669
1180771
2297001
1554222
2033911
1944807
2261737
1866732
2171571
1747088
2090371
1315577
2144001
1526052
1571896
1137049
1631647
1541299
1573429
2055472
1669637
2154530
1136002
2056209
1036387
1391641
1033932
1591952
2010239
1312207
1204908
1220324
2073839
1801332
1987402
2256328
1135203
2027128
1579838
1163743
1953387
1118113
2029609
2266084
1421990
1579896
1834545
1869761
1961362
1040626
2102669
2134682
1897112
2049099
1815367
1490929
2158594
1370526
1502204
2160095
1559476
2290129
2299729
2087463
2278690
1095273
1220964
1390023
1882416
2049946
1042794
1122254
1752938
1181314
1879853
1704451
2294731
2175705
1597861
1990929
1740901
1084483
1239909
2067362
1237593
1876994
1971161
1685325
2273238
1870928
1989415
1848490
1977025
1387739
1115152
1347284
1410290
1486380
1074391
1430635
1890452
1979980
1867252
1034453
1516738
2158326
1899301
1478977
2205125
1867328
1164134
2282801
1220514
1665309
1088100
1956265
2157978
1349851
1569561
1056939
2281578
1019695
2049665
1348722
2075566
2280673
1246505
1352760
1210020
1553467
1553655
1398488
1593280
2104750
1190015
1567105
1901113
1929095
1363267
1030618
1761555
1832544
1089510
1286206
1244647
1729339
2078744
1972101
2192825
1244199
1379402
1244126
1501354
1765945
1617699
1596621
2063927
1669321
1175097
1043849
1641710
1679867
1528317
1841564
2159359
2049021
1079918
2290510
1441537
1423526
1014749
2044797
1246034
1830576
2078757
2282464
1305681
1600387
1453411
2039185
1087146
1328223
1960690
2079027
1985503
1481450
1530477
1915322
1223724
2030929
2094470
1200189
2081703
1903402
1342281
2085453
2055716
1556427
2082403
1941239
1576687
1533412
2099615
1947902
1690377
1094117
1678810
1809302
1830524
1873105
1913983
1905650
2159895
1195673
2120794
1063959
2260401
1974310
2119217
1519266
1802041
1744651
1830572
2274499
2012120
1584956
1648137
1765083
1254849
1075486
1316634
1822143
2123617
1450042
2055841
2056036
1474375
2036462
1020412
1631386
1579356
1858412
1445025
1835802
2173306
1185049
1028932
1140509
1220537
1230978
1688856
1940403
1455525
1152849
1448652
1770119
1438013
1781317
1461402
1980578
1052707
1141773
1217708
1631393
2080796
2231324
1827890
1848078
1820000
1344594
1559749
2233460
2155944
2126601
1249783
2239310
2149170
2240478
1489648
2188235
1769383
1916935
1450930
2016145
1147887
1198776
1877625
2206210
2241546
1030463
1267824
1774003
1899472
1594637
2039232
1551586
1556704
1481072
2179211
2212710
2160102
1061386
1129038
1886477
2259672
1797549
2166398
1343568
2018868
1057864
1029473
2030391
2204864
1105668
1259095
1276743
1303142
1923117
2042298
1634837
2105932
1004630
1703749
1113197
1289619
1577752
2028822
1275726
1995915
2143559
2298825
1490856
1249188
1074267
2281452
1338766
1528213
2207297
1825985
1982801
2224028
1113181
1133441
1278269
1924884
1119824
2214457
1597873
2203108
1313187
1216227
1774018
1155520
1934357
1387852
1388161
1726563
1043773
1155466
1725302
1532036
1594063
2075141
1694149
1694732
1524676
1520703
1491070
1054659
1278849
2198444
1528042
1655179
1422842
1688952
2153239
2227429
1676358
1876760
1920471
2299253
1469281
1713297
1720043
1439236
1368328
1339173
2016901
1059321
1559210
1891936
2082622
2084029
1570654
1721909
1412130
1387678
2226783
2262767
2069756
2234426
1040783
2085455
1504704
